1690572725.04 2.9859305044585773 -0.27992267483637706 0.501060415374015 0.49070907968399813 0.5085582082373341 -0.48166056732463824 0.5182434233394801 
1690572725.17 2.985913068766017 -0.2823590603152121 0.4986690549721981 0.4915194163674826 0.5077510623817578 -0.48173728543602107 0.5181956288938561 
1690572725.24 2.9823223815823985 -0.2829513968599414 0.49745078975099294 0.48910772127322866 0.509905978932926 -0.4806266836576828 0.5193914906846102 
1690572725.29 2.985499126022151 -0.28472072014361227 0.49694284683127715 0.4905761418295337 0.5088326204821956 -0.48218038418638876 0.5176161613654827 
1690572725.33 2.9856851679059435 -0.28619023571292757 0.4961780843720843 0.49145818119274365 0.5080717176525155 -0.4815913299989765 0.5180750686243836 
1690572725.36 2.9853061463129826 -0.2879653886540361 0.4953068318920748 0.4914713912306068 0.5080669985842893 -0.4809288678954306 0.5186821961241997 
1690572725.43 2.9840277158189723 -0.28948984353950624 0.4943609341394918 0.49071655775117357 0.5087026041381991 -0.4818708804524566 0.5178990008330083 
1690572725.48 2.986256522372497 -0.2915257538170486 0.49394021155837636 0.4915257012133129 0.508154326974999 -0.4827820206459451 0.5168202642741138 
1690572725.52 2.985157951990172 -0.29299124425175294 0.4931499437387841 0.49179946122812257 0.5078212406291044 -0.4816029242370962 0.5179860045097 
1690572725.58 2.9853146816547627 -0.2935709595196235 0.49251324470454355 0.49128219571089293 0.5081137807337528 -0.4827991759114012 0.5170755706327727 
1690572725.63 2.9858705693341485 -0.29371535299679086 0.49216085408935123 0.4913682548522638 0.5080311192647322 -0.48323034982855956 0.516672090388703 
1690572725.68 2.9860281161168625 -0.2933073650604028 0.4918125241564516 0.49193353138259965 0.5072460975966201 -0.4829749360201865 0.5171440885775854 
1690572725.72 2.986983493950324 -0.29252925083095205 0.49188699878703135 0.49130532559271 0.5077123023583415 -0.4833577274714216 0.5169261091992702 
1690572725.77 2.9835388638063574 -0.29093268013884294 0.49164484929599434 0.4894283366254936 0.50908321923101 -0.48230235317308867 0.5183421836288216 
1690572725.83 2.983613868051337 -0.28969276170664926 0.49177728851195035 0.49095184507767986 0.507433449779036 -0.4819218735188937 0.5188727085559691 
