1627504951287671662 1.1333458317049907 0.242113656615487 0.28210425178753745 0.4959223975309052 0.5015935995361771 -0.4852305716350377 0.5167360340466635
1627504951337577025 1.1336622191501107 0.2424588139621192 0.282175022966684 0.4956938149481329 0.5017343064494165 -0.4854812589204903 0.5165832699486741
1627504951389540248 1.133696273812039 0.24279025820090966 0.28216675037998595 0.4956470778972088 0.5016651058999304 -0.4856147640657808 0.5165698371137303
1627504951438054692 1.1338279655590007 0.24319216415358264 0.2822334720473997 0.49607283112737577 0.5012477515538137 -0.48564158419328457 0.5165410820852036
1627504951487705284 1.133677800609333 0.24355429188020614 0.2821364134717019 0.49566970256779536 0.501502420771968 -0.4855248125457793 0.516790600067953
1627504951537562680 1.1335659712539248 0.24393057702448573 0.2820534169831448 0.4955307063449768 0.5015948214402498 -0.4853171733032152 0.5170292017580336
1627504951592188818 1.133347988111065 0.24427695526302395 0.2818964694869742 0.4956870365263232 0.501358502819258 -0.4850511113813028 0.5173581282036136
1627504951638929916 1.1334957652640876 0.2445131514859728 0.28172920992688116 0.4957047758167873 0.5013080818449699 -0.4850082624676666 0.5174301572651527
1627504951692988824 1.133686939075476 0.24483424636604942 0.281507911947495 0.49564620001491055 0.5012742315693934 -0.4852668454888301 0.5172765970393531
1627504951740627988 1.1339931719517466 0.24510961181653568 0.28133135467360687 0.4953577787475273 0.5014764799193097 -0.4852988151858554 0.5173268513244399
1627504951790835029 1.133841488654966 0.24529066529828394 0.2810715178760943 0.49535128766859216 0.5014973492917906 -0.4851498286696755 0.5174525622703594
1627504951837758636 1.1339223629856536 0.2455240883337053 0.2808033525852748 0.49512022295447766 0.5017320273827535 -0.4854619814980952 0.5171533641385727
1627504951887689942 1.1342220637957132 0.24581032643165673 0.2805092620206385 0.49511211920324805 0.501744471589007 -0.4852412536787104 0.5173561639492181
1627504951937644646 1.1343683830621072 0.2461437632044362 0.2802158400460095 0.4951349840591845 0.5017069621816858 -0.48547934600996995 0.5171472481381558
1627504951988534492 1.1341944712348668 0.24630043044166933 0.27984652630197304 0.4952981548013019 0.5015823398826421 -0.48524217803701086 0.5173344400116591
1627504952037874958 1.134300640350323 0.2465273255851599 0.27950812436246036 0.49517590614044293 0.5017894609233704 -0.48514000975147914 0.5173464311489537
1627504952087693770 1.1345982642020482 0.24661241517282856 0.27915782215134094 0.4954676732702633 0.5016339114103132 -0.48505405619777336 0.5172985271904694
1627504952137774358 1.1350960383620563 0.24678267592547473 0.278835772576393 0.49507504933509194 0.5019337794991807 -0.4856576446441186 0.5168170166724886
